rank,id,backbone_id,passed_filter,is_control,control_type,iptm,binder_plddt,self_consistency_rmsd,proteinmpnn_score,sequence
1,bb_0001_seq001,bb_0001,True,False,,0.8587,90.0861,1.7671,1.0040,SVAKTHYKVKYGSTMRISCDFPLDGPLDAAALLALWSRDSKTIVYYAGDAEVTSLRDERYKDRARLLKEELARGRAVLTITGVTLEDEGTYTCQVARGGVGGADIDVEVEAPYDKIKTSVELVDSETSLHKLTCEADGSKKAKIIWKDENGNELSGTQTITPSKENKELWHVKGTLLVEAKAGEIYYCTFKTEDKPRENTAKITIPEIP
2,bb_0001_seq000,bb_0001,True,False,,0.8091,91.5043,1.8026,1.0154,TVPKDLYVVEYGSNMTIECKFPVEKQLDLAALIVYWEMEDKNIIQFVHGEEDLKVQHSSYRQRARLLKDQLSLGNAALQITDVKLQDAGVYRCMISYGGADYKRITVKVNAPYNKINQRILVVDPVTSEHELTCQAEGYPKAEVIWTSSDHQVLSGKTTTTNSKREEKLFNVTSTLRINTTTNEIFYCTFRRLDPEENHTAELVIPELP
3,bb_0000_seq000,bb_0000,False,False,,0.7923,90.9083,1.7705,1.0161,TVPKDLYVVEYGSNMTIECKFPVEKQLDLAALIVYWEMEDKNIIQFVHGEEDLKVQHSSYRQRARLLKDQLSLGNAALQITDVKLQDAGVYRCMISYGGADYKRITVKVNAPYNKINQRILVVDPVTSEHELTCQAEGYPKAEVIWTSSDHQVLSGKTTTTNSKREEKLFNVTSTLRINTTTNEIFYCTFRRLDPEENHTAELVIPELP
4,bb_0000_seq001,bb_0000,False,False,,0.7773,87.4897,1.9703,1.0298,AVEKKKYNVKYGSTMEIACNFPLTGPLDRAALTVLWSRDAETIVYYAGGAPQTFVRSAKYKDRATIIEEELEKGRAVLRITGIKLEDEGTYTCSVALGGGGSATIDVNVDAPYDNIKTSVTLVDSETNLHLLTCEATGYPKATITWRDADGTVLEGKQTVTPSKEDERLWLVRGELLVEASAGEVYYCTFERSDEPSSNTATITIPELP
,ctrl_scrambled_00,bb_0001,,True,scrambled,,,,,VSRGYQHGAATPSLITEVDKVTDLIKCVAAEAVGQKLGESITGTKKEELSLDEAGNIDAATENDATLVILIDELGKSNNTAEIEEDPLPGYDPKKAYDTKTYTVLVVAKDTGTSEFASEDDEGSELEVATTGAHEADSVETRLCKWTKAKEARDLLYHVTYEGKIRRDTIKSYITSGLGLRFLIYWWGPKKCLVKKMCPRPKVIRRSRY
,ctrl_scrambled_01,bb_0001,,True,scrambled,,,,,SHELGPDHQIYVDKQLDERTTLNWCLNLVVKVSTIPLIRQIYCAELVSLVYDGQFVTAVNGIGMKTLKLTTRHENESITAEAKYAEYQNTTMNLVEISLPSARSEIDVNIEVECAEDGFQVTQRAEEQVANPEITFDTEEEKLYNKHYSITTRHYTPKFRIKADGKQMKQGSLDRPSLLKPPLVAFVLDWTCVVVRKRITSKYGNYNDL
,ctrl_scrambled_02,bb_0001,,True,scrambled,,,,,QLEVYTDTKSKKVIRNTREWTGLIETTFEGLLRYSFWKAAADSSSEETSKKHKITKDRAVRIIHGNQYEDMIANVYRDSTAVIKTPVPCATALGAGGIYKGPLEYPEDVTYATTAVAAATLYLPRPYTVKLKAREGKGKEKLVLPDDDDGSLKILTEHIGILEEDVGKNESRDELGASSKITGEDKESLVRKVWDTEELTCCLVCAADG
,ctrl_scrambled_03,bb_0001,,True,scrambled,,,,,LIYAIKDAQGVYIIDGYDPPLEKLYEKEASSNTEGSFFVTYVMVLRETVEVEESTKPAPNNTPIKAKLHQQYNMESIDEYHICNSEILLGSYNYAAMTTTIITDYKQNCESETLKHKRFRLKRDSTAEEPICKQFVKCTAFEVTLNVSRQSARTGQLNEINWIDGQVVRPTQTTDRLWVKHTQVDLRDLLLDVNLRLGPGVVVELAKVH
,ctrl_scrambled_04,bb_0001,,True,scrambled,,,,,LKAWAAHDLAVLREKDAIQGAVRAYSAKTGTTEVSLPPDNAKLLYEIWSAEEMCEGIEYRLTRTLYLIVIEKVDVVERNAPKKEKISKKSGDTTASTERLGVDYLKDTEERDIWCLSVADEYLKKALTSLGAPLSTIFIYTPKKAGGIRRVTVKDLHSVSVDGETITGHDKVRQEYEPANGEDCTPFTAGTTKNCEYSGKEDIGKLGTD
